"0","paste0(outsave, ""output.csv"")
"
"1","[1]"
"1"," ""C:/Users/Andria/example/outputfolder/output.csv"""
"1","
"
